2.0470644918839365,1.961281675572547,1.9199237191909215,1.8485623812900096,1.7768232032453248,1.6883633462964802,1.6092093418804314,1.5504530860786998,1.4689217107993315,1.429555663806912,1.3496638978771174,1.3327156951080805,1.3222737597070946,1.2496240060832942,1.2183413655037465,1.1695144678989353,1.1204595239302295,1.103439393713536,1.0571764750395616,1.011162792427627,0.9823460055526614,0.9470741773749015,0.9336634770431788,0.8506763611979029,0.82355385109135,0.7840815630074368,0.7467500935447163,0.6901003540779008,0.6225763808730423,0.552212210526659,0.472181648535854,0.43000098018828187,0.3791950111374737,0.33114091710709453,0.3004764998420016,0.3087909195796174,0.3430496445250621,0.4032842016772774
1.961281675572547,1.837614149971976,1.7870056412166662,1.7368879298207032,1.6819898685949346,1.6067165599789048,1.5263885706675957,1.4905327987792751,1.4237504726651127,1.367596174809607,1.311151617004145,1.2664963485472476,1.249717076567878,1.2036894520168095,1.1993895506754673,1.1687896438499081,1.1277628975597154,1.0892216333742355,1.064911458152736,1.0295912113000316,1.007403472726621,0.9749002124359778,0.9357814696381264,0.8882220397364031,0.8539704094524868,0.8388304250204401,0.7747841535029202,0.7441412933865169,0.6837703394810506,0.6065078815301463,0.5605530958476028,0.5030345851224446,0.44701025343430845,0.38980197634389807,0.3377031499573381,0.35255308555836556,0.37242952074666924,0.3874616052862117
1.9199237191909215,1.7870056412166662,1.7542073081648824,1.6960109794334195,1.6500486114669883,1.5947878250456946,1.5104522519588492,1.4487357103700926,1.4081232022304422,1.3418272922520145,1.2977719827467755,1.2466222318202504,1.2375808278396747,1.2103994299774714,1.1549815707366493,1.1399639363680008,1.0970203978814401,1.080943235538315,1.0608670313446877,1.0352755057556413,1.0202805114074613,0.977189445283983,0.9555080223389043,0.8998174198690096,0.8561257421457663,0.8484422626660438,0.7880284278900497,0.7546143886225092,0.6986441676601997,0.6272676546370366,0.5897575583056208,0.5408055324917068,0.4799827432320175,0.4300589215971528,0.3814742720204297,0.37546133206482113,0.3647520411298282,0.3604057699557416
1.8485623812900096,1.7368879298207032,1.6960109794334195,1.6312387607786216,1.6094913301790312,1.5652544126850678,1.4819043510470997,1.4078513686249567,1.3634695032451054,1.305778618060734,1.2783463500811874,1.2294966903697064,1.2153927864746978,1.188219246470152,1.157234242816012,1.1328329037728007,1.0741801681275727,1.086734983524235,1.054509026851186,1.0323894645077614,1.0215545675299107,0.9761442759898311,0.9559286761671544,0.9152180254079165,0.8743622297996329,0.8623665552158327,0.8085889038351638,0.7793786109982253,0.7237931394084751,0.6610854594194326,0.6179267940300828,0.5696557195476011,0.5112839265667216,0.45342126036492325,0.4108341444760497,0.3956607807511598,0.3826068864154836,0.36422410114054493
1.7768232032453248,1.6819898685949346,1.6500486114669883,1.6094913301790312,1.608053809576985,1.5360784024414975,1.4842104688189157,1.3736057958856094,1.321425885339855,1.2560945395458916,1.241161197628598,1.1961742684908292,1.1790975320630392,1.153333074560813,1.133991312187224,1.1312702945893913,1.0602010683500072,1.0698914945518743,1.0481297344417289,1.0124894383520013,1.0130177724382539,0.9651678641368877,0.9433681027718148,0.9061455607679715,0.8740653693607575,0.8605347433643842,0.80358469572333,0.7800180428012131,0.7336331340664686,0.668261791606814,0.6417518521486263,0.5852484528979013,0.5329849018348087,0.4792111130357479,0.4385426399884572,0.41268596075248215,0.3798507113394079,0.3634023664186604
1.6883633462964802,1.6067165599789048,1.5947878250456946,1.5652544126850678,1.5360784024414975,1.5023182769099381,1.4373578241852754,1.371367301620696,1.3336829037464053,1.279480383878862,1.2343785627614459,1.2227494515328186,1.215833515473358,1.1719755648785681,1.160053162123898,1.1459314476852345,1.0994098114682864,1.0872467493759614,1.0559911477416213,1.026239135923162,1.029634427586676,0.9975765402493362,0.9644410839378116,0.9396093295621812,0.9016862895189761,0.8953285086535451,0.840145305107184,0.8053294258377566,0.7505778140280013,0.714331845880549,0.6635840928486422,0.6396068532463415,0.5714477927434427,0.49857379097153304,0.46544839375197844,0.44556859755494244,0.4106098648901445,0.3997948381942539
1.6092093418804314,1.5263885706675957,1.5104522519588492,1.4819043510470997,1.4842104688189157,1.4373578241852754,1.3934952943038623,1.3589133935229438,1.3232791459767645,1.2559841223177157,1.2767928559732091,1.1970110126646425,1.2230692895095991,1.1718390786559088,1.1546280854384559,1.1540057548914526,1.1052230153874443,1.0985579837721462,1.0717979927848302,1.045518217849798,1.0349978797531945,0.9996249222760099,0.9824646212940493,0.9403364572622163,0.9269835946410461,0.9143891554649797,0.8421771727522726,0.8236600591443675,0.7690612816425159,0.722826725837608,0.682086598193828,0.6290469935674877,0.5788996373041622,0.5245088598448339,0.487804475330971,0.4564853242590308,0.4356549947935329,0.41183956858301013
1.5504530860786998,1.4905327987792751,1.4487357103700926,1.4078513686249567,1.3736057958856094,1.371367301620696,1.3589133935229438,1.2933521736940539,1.306658114486096,1.252514227412428,1.2412277398153209,1.2073386227967087,1.1881811901922559,1.165559181743702,1.1352932593995642,1.1498223418256717,1.102027261486351,1.074583268434081,1.045304241858032,1.020193874678923,1.0190143092346182,0.969430507455006,0.9705396535772022,0.9377451067129051,0.9164412950419402,0.9054102631887329,0.8405799777913154,0.8091339531290775,0.7573146381003707,0.7154838561008856,0.676354265224043,0.6413032864804853,0.5785277718279548,0.5196515854212704,0.4954759928133137,0.46721806794906395,0.43455462661903316,0.41815819161454093
1.4689217107993315,1.4237504726651127,1.4081232022304422,1.3634695032451054,1.321425885339855,1.3336829037464053,1.3232791459767645,1.306658114486096,1.307384104759772,1.2523360829911647,1.2479635244438936,1.191257389614489,1.1937699554270313,1.1465801846384935,1.144951213421909,1.1034283309996604,1.0883600708261754,1.054887956865258,1.0235664031060572,1.008276057451537,1.0003835485388766,0.9853189548824852,0.9728545154801627,0.9246785032786675,0.9199346539049126,0.8874137283683715,0.8618315392193728,0.8217806716345165,0.7970689676311826,0.7397402354151017,0.7166354224549834,0.6625368865333519,0.6054691236190105,0.5394990443368809,0.5159951355811797,0.4777686732394741,0.45768127029999245,0.4432018684203442
1.429555663806912,1.367596174809607,1.3418272922520145,1.305778618060734,1.2560945395458916,1.279480383878862,1.2559841223177157,1.252514227412428,1.2523360829911647,1.2509119500295118,1.2185544321137176,1.1684524731986394,1.1552102229508079,1.1351235631342274,1.129291797147447,1.1091080786314662,1.0775144284014542,1.0595261926981496,1.0233416654570577,1.0174279663853025,1.0259491306315027,0.9880532656045342,0.9798351840421281,0.9510441910345035,0.9320849198483927,0.9062428820026206,0.8728825716906181,0.8254784208173596,0.7909804826513713,0.7418896081866871,0.7247249712958598,0.6746009558959846,0.6007792601875557,0.5578891027165055,0.51863719261894,0.49726994796120444,0.4639977040044182,0.4392873709196311
1.3496638978771174,1.311151617004145,1.2977719827467755,1.2783463500811874,1.241161197628598,1.2343785627614459,1.2767928559732091,1.2412277398153209,1.2479635244438936,1.2185544321137176,1.23017458379805,1.164296855925115,1.1647927328196346,1.1400516538383965,1.1371326748133541,1.0965936376041063,1.1007744051331068,1.0658579117643139,1.0350314713098854,1.033232920128147,1.0353474144101904,1.0089734543065036,0.9980943020834,0.9672705448584201,0.9390212537411338,0.9364224190848779,0.8817658474074566,0.8476377652119679,0.8277410020882471,0.7817472750579066,0.7510242091174586,0.6941973248940398,0.6455739373553191,0.5948101044786358,0.5516988402995938,0.5080408312986299,0.4973475777574793,0.4720604889928416
1.3327156951080805,1.2664963485472476,1.2466222318202504,1.2294966903697064,1.1961742684908292,1.2227494515328186,1.1970110126646425,1.2073386227967087,1.191257389614489,1.1684524731986394,1.164296855925115,1.1340213207293832,1.1179905254334204,1.1052978420117763,1.1039369792423908,1.0837405343922437,1.065760569001329,1.0555566436016632,1.0385604636792403,1.007708134587923,1.0027973781724089,0.9868921269221823,0.9765769344824573,0.9413451363859685,0.9268204006643198,0.9176740681769893,0.8700043125792283,0.8308186373419397,0.800191075763356,0.7552602485490825,0.7467032790976531,0.6949819025632233,0.6520025383194833,0.5842698750741735,0.5462900144039812,0.5156549490586783,0.5103155204340294,0.4767419000177828
1.3222737597070946,1.249717076567878,1.2375808278396747,1.2153927864746978,1.1790975320630392,1.215833515473358,1.2230692895095991,1.1881811901922559,1.1937699554270313,1.1552102229508079,1.1647927328196346,1.1179905254334204,1.1334401043735052,1.1189604201606638,1.1073677621141518,1.1098882423665806,1.0790922183465506,1.0647036894870692,1.0526979336067415,1.0482384136805805,1.02594242492519,1.0080128440523979,0.9954490739754351,0.9877252633884385,0.9445660153893145,0.9438916363436314,0.9150961223306441,0.8765958391349562,0.8429848382974712,0.8049373651970221,0.7660678470632462,0.7358342041607963,0.6859673461545994,0.6252080106904555,0.5813747465140364,0.5517204270589166,0.5375595045368718,0.5148441205245985
1.2496240060832942,1.2036894520168095,1.2103994299774714,1.188219246470152,1.153333074560813,1.1719755648785681,1.1718390786559088,1.165559181743702,1.1465801846384935,1.1351235631342274,1.1400516538383965,1.1052978420117763,1.1189604201606638,1.0936892479436644,1.097775933610343,1.0872380415111753,1.0784040418719336,1.0772798009717544,1.0445008738454995,1.049453562744829,1.0418253498535386,1.013347348470961,1.0092636798593968,0.9846149577185135,0.9695909259104208,0.9448230539147622,0.9214488742167095,0.8878437655426975,0.8504537147842578,0.7996019853374575,0.7906205084333698,0.734622688327424,0.6897854009616667,0.6438061719140624,0.5895587235550659,0.5615259204121626,0.5527874310837889,0.5270546008347483
1.2183413655037465,1.1993895506754673,1.1549815707366493,1.157234242816012,1.133991312187224,1.160053162123898,1.1546280854384559,1.1352932593995642,1.144951213421909,1.129291797147447,1.1371326748133541,1.1039369792423908,1.1073677621141518,1.097775933610343,1.1005963844255375,1.1035872755573553,1.087221133061339,1.0676106743672555,1.0598382558398067,1.0584249325448594,1.0564939316993185,1.0365781164041643,1.0172077886901112,0.9840369419674896,0.9787774470920064,0.975641556284931,0.9305765495995176,0.9057765836611559,0.8857059301902611,0.8458102904606963,0.8064251502075684,0.7740280900837903,0.7326694551560679,0.6727751406266997,0.6170664980700814,0.5784986310507719,0.578542905327091,0.5567698040811038
1.1695144678989353,1.1687896438499081,1.1399639363680008,1.1328329037728007,1.1312702945893913,1.1459314476852345,1.1540057548914526,1.1498223418256717,1.1034283309996604,1.1091080786314662,1.0965936376041063,1.0837405343922437,1.1098882423665806,1.0872380415111753,1.1035872755573553,1.118308042979305,1.0803296697973839,1.076843341217304,1.0677396154236989,1.0560605485517245,1.0617187753589743,1.034377636543501,1.0271737032392987,1.0037403885921181,0.991400512404943,0.9900448521022273,0.9558995991127148,0.9323611204096816,0.909038392855558,0.8448436355486931,0.8332884812969793,0.8028809377038901,0.7636849975817439,0.7033613235323086,0.6437092737158134,0.6067350514297631,0.6181110720206534,0.5886467595234508
1.1204595239302295,1.1277628975597154,1.0970203978814401,1.0741801681275727,1.0602010683500072,1.0994098114682864,1.1052230153874443,1.102027261486351,1.0883600708261754,1.0775144284014542,1.1007744051331068,1.065760569001329,1.0790922183465506,1.0784040418719336,1.087221133061339,1.0803296697973839,1.0994807616686104,1.0761480508823866,1.051975949871372,1.0546743081109635,1.0589337755669697,1.0223649043850058,1.0251578388596017,1.025115393157798,0.9872742695501856,0.9816393327157228,0.951423370710584,0.9396042162317352,0.9142307046306769,0.8729465804915247,0.8391554841444597,0.8069222234622124,0.7578263499983736,0.6871509989335508,0.6525524179274025,0.6159281573840933,0.6282627629178299,0.6169943954756045
1.103439393713536,1.0892216333742355,1.080943235538315,1.086734983524235,1.0698914945518743,1.0872467493759614,1.0985579837721462,1.074583268434081,1.054887956865258,1.0595261926981496,1.0658579117643139,1.0555566436016632,1.0647036894870692,1.0772798009717544,1.0676106743672555,1.076843341217304,1.0761480508823866,1.0609920189123532,1.0634696305691096,1.0642910180111604,1.067403855548439,1.0488876308574662,1.0392648071310195,1.0183680853578643,1.0211780409064555,0.9977235469463672,0.984161515263989,0.9499743351918474,0.9281873946083796,0.895208162861294,0.8631202370674248,0.8197989651185825,0.7837035586934882,0.7394881307108954,0.6811142757532049,0.647022283388725,0.661239833438381,0.6445293814097762
1.0571764750395616,1.064911458152736,1.0608670313446877,1.054509026851186,1.0481297344417289,1.0559911477416213,1.0717979927848302,1.045304241858032,1.0235664031060572,1.0233416654570577,1.0350314713098854,1.0385604636792403,1.0526979336067415,1.0445008738454995,1.0598382558398067,1.0677396154236989,1.051975949871372,1.0634696305691096,1.0714747266323956,1.0662684488402623,1.0663931834809337,1.0449527353399726,1.0503117954814591,1.0311983130543416,1.023744289351269,1.013915798263449,1.0009888123603508,0.9713082437744154,0.9516717029550367,0.9122720635151251,0.8883336657428308,0.8582950298648647,0.8192230341624323,0.7487411521045261,0.7330095978283238,0.6978092731501971,0.6769586352687252,0.6770805534952727
1.011162792427627,1.0295912113000316,1.0352755057556413,1.0323894645077614,1.0124894383520013,1.026239135923162,1.045518217849798,1.020193874678923,1.008276057451537,1.0174279663853025,1.033232920128147,1.007708134587923,1.0482384136805805,1.049453562744829,1.0584249325448594,1.0560605485517245,1.0546743081109635,1.0642910180111604,1.0662684488402623,1.058260791610531,1.0928157917696335,1.0647711956097947,1.0596751373040991,1.0464061946689327,1.033662151772858,1.0357447201747176,1.026699316902836,1.0026429321001484,0.9806218528470698,0.9460287348494535,0.9237648757149776,0.8877340984312739,0.8484444480873159,0.7912674510646018,0.7403615315086925,0.7312929249517708,0.7290570048650296,0.7079734632669743
0.9823460055526614,1.007403472726621,1.0202805114074613,1.0215545675299107,1.0130177724382539,1.029634427586676,1.0349978797531945,1.0190143092346182,1.0003835485388766,1.0259491306315027,1.0353474144101904,1.0027973781724089,1.02594242492519,1.0418253498535386,1.0564939316993185,1.0617187753589743,1.0589337755669697,1.067403855548439,1.0663931834809337,1.0928157917696335,1.0892969528281204,1.0828761273008045,1.0786262723258238,1.0729414598922098,1.0729439237531868,1.0754882586929486,1.065506569200619,1.0383715990575995,1.0206222288718905,0.9804605032053757,0.9675674248207812,0.9142314486156834,0.8833921281975752,0.8312247043271718,0.7827829721151399,0.7700663260891263,0.7731344202986166,0.7670026072753011
0.9470741773749015,0.9749002124359778,0.977189445283983,0.9761442759898311,0.9651678641368877,0.9975765402493362,0.9996249222760099,0.969430507455006,0.9853189548824852,0.9880532656045342,1.0089734543065036,0.9868921269221823,1.0080128440523979,1.013347348470961,1.0365781164041643,1.034377636543501,1.0223649043850058,1.0488876308574662,1.0449527353399726,1.0647711956097947,1.0828761273008045,1.0838997377128967,1.0787424592648163,1.0700661043772175,1.0741943149032058,1.0770645122198164,1.0662388652494639,1.0656565439859642,1.0526803064121129,1.019408029541457,0.9940967780022845,0.9613512152672655,0.9209986420501722,0.8805194587978479,0.8299127595445428,0.8183602677547441,0.8209281299919544,0.7968067038188227
0.9336634770431788,0.9357814696381264,0.9555080223389043,0.9559286761671544,0.9433681027718148,0.9644410839378116,0.9824646212940493,0.9705396535772022,0.9728545154801627,0.9798351840421281,0.9980943020834,0.9765769344824573,0.9954490739754351,1.0092636798593968,1.0172077886901112,1.0271737032392987,1.0251578388596017,1.0392648071310195,1.0503117954814591,1.0596751373040991,1.0786262723258238,1.0787424592648163,1.0840423208177388,1.1015209600601121,1.0877095640609755,1.0858268791768848,1.0912718829229782,1.0950644443259556,1.0733210670822495,1.0434596862800098,1.0306464341867183,1.0044104927554796,0.9554892738607338,0.9101895570249007,0.8700744959280765,0.8733896449865367,0.883727578976453,0.863684761681024
0.8506763611979029,0.8882220397364031,0.8998174198690096,0.9152180254079165,0.9061455607679715,0.9396093295621812,0.9403364572622163,0.9377451067129051,0.9246785032786675,0.9510441910345035,0.9672705448584201,0.9413451363859685,0.9877252633884385,0.9846149577185135,0.9840369419674896,1.0037403885921181,1.025115393157798,1.0183680853578643,1.0311983130543416,1.0464061946689327,1.0729414598922098,1.0700661043772175,1.1015209600601121,1.1015078408846237,1.0983699142483307,1.105474141732293,1.1155841762473933,1.1126226770871908,1.104143954319172,1.0808689411691237,1.0534763930433004,1.0243766720185115,0.9750996577996702,0.9375105910891047,0.8964857689314669,0.9109810750520443,0.9223547436791601,0.9067032360786335
0.82355385109135,0.8539704094524868,0.8561257421457663,0.8743622297996329,0.8740653693607575,0.9016862895189761,0.9269835946410461,0.9164412950419402,0.9199346539049126,0.9320849198483927,0.9390212537411338,0.9268204006643198,0.9445660153893145,0.9695909259104208,0.9787774470920064,0.991400512404943,0.9872742695501856,1.0211780409064555,1.023744289351269,1.033662151772858,1.0729439237531868,1.0741943149032058,1.0877095640609755,1.0983699142483307,1.1129388101097073,1.1263433004716106,1.1360295893458723,1.1455009674651961,1.1377454356183228,1.1157626101407256,1.095623325123452,1.0712673282852445,1.0407326251246851,0.989353740870178,0.9548761497605833,0.9656558795432238,0.9787694586364629,0.9812103206917737
0.7840815630074368,0.8388304250204401,0.8484422626660438,0.8623665552158327,0.8605347433643842,0.8953285086535451,0.9143891554649797,0.9054102631887329,0.8874137283683715,0.9062428820026206,0.9364224190848779,0.9176740681769893,0.9438916363436314,0.9448230539147622,0.975641556284931,0.9900448521022273,0.9816393327157228,0.9977235469463672,1.013915798263449,1.0357447201747176,1.0754882586929486,1.0770645122198164,1.0858268791768848,1.105474141732293,1.1263433004716106,1.1312962615089397,1.1400763455893652,1.1780436554578377,1.1661957681932582,1.1681188273925778,1.1521787550187055,1.112598295801291,1.0990586324540133,1.0488257572038224,1.0081149229112256,1.0236300375820275,1.0601317378338486,1.0690472547792564
0.7467500935447163,0.7747841535029202,0.7880284278900497,0.8085889038351638,0.80358469572333,0.840145305107184,0.8421771727522726,0.8405799777913154,0.8618315392193728,0.8728825716906181,0.8817658474074566,0.8700043125792283,0.9150961223306441,0.9214488742167095,0.9305765495995176,0.9558995991127148,0.951423370710584,0.984161515263989,1.0009888123603508,1.026699316902836,1.065506569200619,1.0662388652494639,1.0912718829229782,1.1155841762473933,1.1360295893458723,1.1400763455893652,1.1497027545986322,1.1971342939061929,1.209919450052625,1.20615522799939,1.1882066667907019,1.1616269139924955,1.1522868725942388,1.1173030507214485,1.1042678224331683,1.0945741995728084,1.140544331539812,1.1437027112245313
0.6901003540779008,0.7441412933865169,0.7546143886225092,0.7793786109982253,0.7800180428012131,0.8053294258377566,0.8236600591443675,0.8091339531290775,0.8217806716345165,0.8254784208173596,0.8476377652119679,0.8308186373419397,0.8765958391349562,0.8878437655426975,0.9057765836611559,0.9323611204096816,0.9396042162317352,0.9499743351918474,0.9713082437744154,1.0026429321001484,1.0383715990575995,1.0656565439859642,1.0950644443259556,1.1126226770871908,1.1455009674651961,1.1780436554578377,1.1971342939061929,1.2386708068034182,1.2544626875168132,1.2480757520724208,1.2085091408337312,1.1885022195099026,1.1840026368189436,1.1673630111182887,1.1430981940919238,1.1690243130596334,1.2215316321032281,1.2464663492248897
0.6225763808730423,0.6837703394810506,0.6986441676601997,0.7237931394084751,0.7336331340664686,0.7505778140280013,0.7690612816425159,0.7573146381003707,0.7970689676311826,0.7909804826513713,0.8277410020882471,0.800191075763356,0.8429848382974712,0.8504537147842578,0.8857059301902611,0.909038392855558,0.9142307046306769,0.9281873946083796,0.9516717029550367,0.9806218528470698,1.0206222288718905,1.0526803064121129,1.0733210670822495,1.104143954319172,1.1377454356183228,1.1661957681932582,1.209919450052625,1.2544626875168132,1.307529521751929,1.306651659618577,1.2686849378703984,1.2604089738021607,1.2414368233848831,1.2437059201108471,1.2442232538344515,1.2245828523778042,1.256248701113433,1.329340872625069
0.552212210526659,0.6065078815301463,0.6272676546370366,0.6610854594194326,0.668261791606814,0.714331845880549,0.722826725837608,0.7154838561008856,0.7397402354151017,0.7418896081866871,0.7817472750579066,0.7552602485490825,0.8049373651970221,0.7996019853374575,0.8458102904606963,0.8448436355486931,0.8729465804915247,0.895208162861294,0.9122720635151251,0.9460287348494535,0.9804605032053757,1.019408029541457,1.0434596862800098,1.0808689411691237,1.1157626101407256,1.1681188273925778,1.20615522799939,1.2480757520724208,1.306651659618577,1.27723269200795,1.2801078420934833,1.2694099395996992,1.2697064746615057,1.2727161302647796,1.279423783413524,1.3101376455706866,1.3340885144207222,1.4229744073686887
0.472181648535854,0.5605530958476028,0.5897575583056208,0.6179267940300828,0.6417518521486263,0.6635840928486422,0.682086598193828,0.676354265224043,0.7166354224549834,0.7247249712958598,0.7510242091174586,0.7467032790976531,0.7660678470632462,0.7906205084333698,0.8064251502075684,0.8332884812969793,0.8391554841444597,0.8631202370674248,0.8883336657428308,0.9237648757149776,0.9675674248207812,0.9940967780022845,1.0306464341867183,1.0534763930433004,1.095623325123452,1.1521787550187055,1.1882066667907019,1.2085091408337312,1.2686849378703984,1.2801078420934833,1.2632102864155679,1.2730202207796124,1.2799885957739707,1.3089328619823963,1.353654543011782,1.4213093564820827,1.4881601111516212,1.55914567994115
0.43000098018828187,0.5030345851224446,0.5408055324917068,0.5696557195476011,0.5852484528979013,0.6396068532463415,0.6290469935674877,0.6413032864804853,0.6625368865333519,0.6746009558959846,0.6941973248940398,0.6949819025632233,0.7358342041607963,0.734622688327424,0.7740280900837903,0.8028809377038901,0.8069222234622124,0.8197989651185825,0.8582950298648647,0.8877340984312739,0.9142314486156834,0.9613512152672655,1.0044104927554796,1.0243766720185115,1.0712673282852445,1.112598295801291,1.1616269139924955,1.1885022195099026,1.2604089738021607,1.2694099395996992,1.2730202207796124,1.319798432644614,1.3227977797821173,1.3728872650816302,1.4121700050210324,1.5112018804140979,1.5987905996090739,1.6575231170349232
0.3791950111374737,0.44701025343430845,0.4799827432320175,0.5112839265667216,0.5329849018348087,0.5714477927434427,0.5788996373041622,0.5785277718279548,0.6054691236190105,0.6007792601875557,0.6455739373553191,0.6520025383194833,0.6859673461545994,0.6897854009616667,0.7326694551560679,0.7636849975817439,0.7578263499983736,0.7837035586934882,0.8192230341624323,0.8484444480873159,0.8833921281975752,0.9209986420501722,0.9554892738607338,0.9750996577996702,1.0407326251246851,1.0990586324540133,1.1522868725942388,1.1840026368189436,1.2414368233848831,1.2697064746615057,1.2799885957739707,1.3227977797821173,1.3393345661006941,1.4102986974322946,1.454926487369458,1.5558608441254338,1.6502314075401951,1.7919579674896884
0.33114091710709453,0.38980197634389807,0.4300589215971528,0.45342126036492325,0.4792111130357479,0.49857379097153304,0.5245088598448339,0.5196515854212704,0.5394990443368809,0.5578891027165055,0.5948101044786358,0.5842698750741735,0.6252080106904555,0.6438061719140624,0.6727751406266997,0.7033613235323086,0.6871509989335508,0.7394881307108954,0.7487411521045261,0.7912674510646018,0.8312247043271718,0.8805194587978479,0.9101895570249007,0.9375105910891047,0.989353740870178,1.0488257572038224,1.1173030507214485,1.1673630111182887,1.2437059201108471,1.2727161302647796,1.3089328619823963,1.3728872650816302,1.4102986974322946,1.4385377274963331,1.49872111255925,1.5807536703699085,1.6614830732998762,1.8555825073549679
0.3004764998420016,0.3377031499573381,0.3814742720204297,0.4108341444760497,0.4385426399884572,0.46544839375197844,0.487804475330971,0.4954759928133137,0.5159951355811797,0.51863719261894,0.5516988402995938,0.5462900144039812,0.5813747465140364,0.5895587235550659,0.6170664980700814,0.6437092737158134,0.6525524179274025,0.6811142757532049,0.7330095978283238,0.7403615315086925,0.7827829721151399,0.8299127595445428,0.8700744959280765,0.8964857689314669,0.9548761497605833,1.0081149229112256,1.1042678224331683,1.1430981940919238,1.2442232538344515,1.279423783413524,1.353654543011782,1.4121700050210324,1.454926487369458,1.49872111255925,1.5274881931915651,1.5744990161643755,1.6865654869712117,1.9548385042139833
0.3087909195796174,0.35255308555836556,0.37546133206482113,0.3956607807511598,0.41268596075248215,0.44556859755494244,0.4564853242590308,0.46721806794906395,0.4777686732394741,0.49726994796120444,0.5080408312986299,0.5156549490586783,0.5517204270589166,0.5615259204121626,0.5784986310507719,0.6067350514297631,0.6159281573840933,0.647022283388725,0.6978092731501971,0.7312929249517708,0.7700663260891263,0.8183602677547441,0.8733896449865367,0.9109810750520443,0.9656558795432238,1.0236300375820275,1.0945741995728084,1.1690243130596334,1.2245828523778042,1.3101376455706866,1.4213093564820827,1.5112018804140979,1.5558608441254338,1.5807536703699085,1.5744990161643755,1.5931967376218905,1.7301025609524936,2.0873807845766916
0.3430496445250621,0.37242952074666924,0.3647520411298282,0.3826068864154836,0.3798507113394079,0.4106098648901445,0.4356549947935329,0.43455462661903316,0.45768127029999245,0.4639977040044182,0.4973475777574793,0.5103155204340294,0.5375595045368718,0.5527874310837889,0.578542905327091,0.6181110720206534,0.6282627629178299,0.661239833438381,0.6769586352687252,0.7290570048650296,0.7731344202986166,0.8209281299919544,0.883727578976453,0.9223547436791601,0.9787694586364629,1.0601317378338486,1.140544331539812,1.2215316321032281,1.256248701113433,1.3340885144207222,1.4881601111516212,1.5987905996090739,1.6502314075401951,1.6614830732998762,1.6865654869712117,1.7301025609524936,1.8551826868109305,2.2337148518432253
0.4032842016772774,0.3874616052862117,0.3604057699557416,0.36422410114054493,0.3634023664186604,0.3997948381942539,0.41183956858301013,0.41815819161454093,0.4432018684203442,0.4392873709196311,0.4720604889928416,0.4767419000177828,0.5148441205245985,0.5270546008347483,0.5567698040811038,0.5886467595234508,0.6169943954756045,0.6445293814097762,0.6770805534952727,0.7079734632669743,0.7670026072753011,0.7968067038188227,0.863684761681024,0.9067032360786335,0.9812103206917737,1.0690472547792564,1.1437027112245313,1.2464663492248897,1.329340872625069,1.4229744073686887,1.55914567994115,1.6575231170349232,1.7919579674896884,1.8555825073549679,1.9548385042139833,2.0873807845766916,2.2337148518432253,2.4977044724227953
